TrackID,ParentID,AncestorID,ProgenyID,Generation,Fate,BirthTime,StopTime,Lifetime,Initial_Fluorescence,Final_Fluorescence,Initial_Differentiation,Final_Differentiation,Initial_Morphology,Final_Morphology,Initial_Binucleation,Final_Binucleation
1.000000,NaN,1.000000,1.000000,0.000000,1.000000,0.000000,0.708183,0.708183,NA,NA,NA,NA,NA,NA,NA,NA
2.000000,1.000000,1.000000,2.000000,1.000000,1.000000,0.722072,1.958194,1.236123,NA,NA,NA,NA,NA,NA,NA,NA
3.000000,1.000000,1.000000,3.000000,1.000000,1.000000,0.722072,2.152639,1.430567,NA,NA,NA,NA,NA,NA,NA,NA
4.000000,2.000000,1.000000,4.000000,2.000000,1.000000,1.972083,3.360984,1.388900,NA,NA,NA,NA,NA,NA,NA,NA
5.000000,2.000000,1.000000,5.000000,2.000000,1.000000,1.972083,3.291528,1.319444,NA,NA,NA,NA,NA,NA,NA,NA
6.000000,3.000000,1.000000,6.000000,2.000000,1.000000,2.166516,3.180417,1.013900,NA,NA,NA,NA,NA,NA,NA,NA
7.000000,3.000000,1.000000,7.000000,2.000000,1.000000,2.166516,4.604954,2.438438,NA,NA,NA,NA,NA,NA,NA,NA
8.000000,6.000000,1.000000,12.000000,3.000000,0.000000,3.194306,5.784213,2.589907,NA,NA,NA,NA,NA,NA,NA,NA
9.000000,6.000000,1.000000,13.000000,3.000000,1.000000,3.194306,4.979954,1.785648,NA,NA,NA,NA,NA,NA,NA,NA
10.000000,4.000000,1.000000,8.000000,3.000000,1.000000,3.374861,5.646632,2.271771,NA,NA,NA,NA,NA,NA,NA,NA
11.000000,4.000000,1.000000,9.000000,3.000000,0.000000,3.374861,5.784213,2.409352,NA,NA,NA,NA,NA,NA,NA,NA
12.000000,7.000000,1.000000,14.000000,3.000000,0.000000,4.618843,5.784213,1.165370,NA,NA,NA,NA,NA,NA,NA,NA
13.000000,7.000000,1.000000,15.000000,3.000000,0.000000,4.618843,8.923681,4.304838,NA,NA,NA,NA,NA,NA,NA,NA
14.000000,9.000000,1.000000,26.000000,4.000000,2.000000,4.993843,7.798669,2.804826,NA,NA,NA,NA,NA,NA,NA,NA
15.000000,5.000000,1.000000,10.000000,3.000000,2.000000,3.305428,7.618148,4.312720,NA,NA,NA,NA,NA,NA,NA,NA
16.000000,5.000000,1.000000,11.000000,3.000000,0.000000,3.305428,5.784213,2.478785,NA,NA,NA,NA,NA,NA,NA,NA
17.000000,10.000000,1.000000,16.000000,4.000000,0.000000,5.660509,8.923681,3.263171,NA,NA,NA,NA,NA,NA,NA,NA
18.000000,NaN,2.000000,1.000000,0.000000,1.000000,0.000000,1.208183,1.208183,NA,NA,NA,NA,NA,NA,NA,NA
19.000000,18.000000,2.000000,2.000000,1.000000,1.000000,1.222072,2.402639,1.180567,NA,NA,NA,NA,NA,NA,NA,NA
20.000000,18.000000,2.000000,3.000000,1.000000,1.000000,1.222072,2.430417,1.208345,NA,NA,NA,NA,NA,NA,NA,NA
21.000000,19.000000,2.000000,4.000000,2.000000,1.000000,2.416516,3.864282,1.447766,NA,NA,NA,NA,NA,NA,NA,NA
22.000000,19.000000,2.000000,5.000000,2.000000,1.000000,2.416516,4.313275,1.896759,NA,NA,NA,NA,NA,NA,NA,NA
23.000000,20.000000,2.000000,6.000000,2.000000,1.000000,2.444306,3.694294,1.249988,NA,NA,NA,NA,NA,NA,NA,NA
24.000000,20.000000,2.000000,7.000000,2.000000,1.000000,2.444306,4.535509,2.091204,NA,NA,NA,NA,NA,NA,NA,NA
25.000000,23.000000,2.000000,12.000000,3.000000,0.000000,3.708194,5.784213,2.076019,NA,NA,NA,NA,NA,NA,NA,NA
26.000000,23.000000,2.000000,13.000000,3.000000,0.000000,3.708194,5.784213,2.076019,NA,NA,NA,NA,NA,NA,NA,NA
27.000000,21.000000,2.000000,8.000000,3.000000,0.000000,3.878137,5.784213,1.906076,NA,NA,NA,NA,NA,NA,NA,NA
28.000000,21.000000,2.000000,9.000000,3.000000,0.000000,3.878137,8.923681,5.045544,NA,NA,NA,NA,NA,NA,NA,NA
29.000000,22.000000,2.000000,10.000000,3.000000,0.000000,4.327164,8.923681,4.596516,NA,NA,NA,NA,NA,NA,NA,NA
30.000000,22.000000,2.000000,11.000000,3.000000,0.000000,4.327164,8.923681,4.596516,NA,NA,NA,NA,NA,NA,NA,NA
31.000000,24.000000,2.000000,14.000000,3.000000,2.000000,4.549387,8.270891,3.721505,NA,NA,NA,NA,NA,NA,NA,NA
32.000000,24.000000,2.000000,15.000000,3.000000,0.000000,4.549387,8.923681,4.374294,NA,NA,NA,NA,NA,NA,NA,NA
33.000000,NaN,3.000000,1.000000,0.000000,1.000000,0.000000,0.180405,0.180405,NA,NA,NA,NA,NA,NA,NA,NA
34.000000,33.000000,3.000000,2.000000,1.000000,1.000000,0.194282,1.402639,1.208356,NA,NA,NA,NA,NA,NA,NA,NA
35.000000,33.000000,3.000000,3.000000,1.000000,1.000000,0.194282,1.347118,1.152836,NA,NA,NA,NA,NA,NA,NA,NA
36.000000,35.000000,3.000000,6.000000,2.000000,1.000000,1.360961,3.041516,1.680556,NA,NA,NA,NA,NA,NA,NA,NA
37.000000,35.000000,3.000000,7.000000,2.000000,1.000000,1.360961,2.319294,0.958333,NA,NA,NA,NA,NA,NA,NA,NA
38.000000,34.000000,3.000000,4.000000,2.000000,1.000000,1.416516,2.499850,1.083333,NA,NA,NA,NA,NA,NA,NA,NA
39.000000,34.000000,3.000000,5.000000,2.000000,1.000000,1.416516,2.527639,1.111123,NA,NA,NA,NA,NA,NA,NA,NA
40.000000,37.000000,3.000000,14.000000,3.000000,1.000000,2.333194,3.416539,1.083345,NA,NA,NA,NA,NA,NA,NA,NA
41.000000,37.000000,3.000000,15.000000,3.000000,1.000000,2.333194,3.430428,1.097234,NA,NA,NA,NA,NA,NA,NA,NA
42.000000,38.000000,3.000000,8.000000,3.000000,1.000000,2.513750,3.680405,1.166655,NA,NA,NA,NA,NA,NA,NA,NA
43.000000,38.000000,3.000000,9.000000,3.000000,1.000000,2.513750,3.836470,1.322720,NA,NA,NA,NA,NA,NA,NA,NA
44.000000,39.000000,3.000000,10.000000,3.000000,1.000000,2.541528,3.864282,1.322755,NA,NA,NA,NA,NA,NA,NA,NA
45.000000,39.000000,3.000000,11.000000,3.000000,1.000000,2.541528,3.910509,1.368981,NA,NA,NA,NA,NA,NA,NA,NA
46.000000,36.000000,3.000000,12.000000,3.000000,1.000000,3.055405,5.202176,2.146771,NA,NA,NA,NA,NA,NA,NA,NA
47.000000,36.000000,3.000000,13.000000,3.000000,0.000000,3.055405,8.923681,5.868275,NA,NA,NA,NA,NA,NA,NA,NA
48.000000,40.000000,3.000000,28.000000,4.000000,1.000000,3.430428,4.688287,1.257859,NA,NA,NA,NA,NA,NA,NA,NA
49.000000,40.000000,3.000000,29.000000,4.000000,1.000000,3.430428,4.632731,1.202303,NA,NA,NA,NA,NA,NA,NA,NA
50.000000,41.000000,3.000000,30.000000,4.000000,1.000000,3.444317,4.660509,1.216192,NA,NA,NA,NA,NA,NA,NA,NA
51.000000,41.000000,3.000000,31.000000,4.000000,1.000000,3.444317,4.716065,1.271748,NA,NA,NA,NA,NA,NA,NA,NA
52.000000,42.000000,3.000000,16.000000,4.000000,1.000000,3.694294,5.132731,1.438438,NA,NA,NA,NA,NA,NA,NA,NA
53.000000,42.000000,3.000000,17.000000,4.000000,0.000000,3.694294,5.784213,2.089919,NA,NA,NA,NA,NA,NA,NA,NA
54.000000,43.000000,3.000000,18.000000,4.000000,1.000000,3.850359,5.132731,1.282373,NA,NA,NA,NA,NA,NA,NA,NA
55.000000,43.000000,3.000000,19.000000,4.000000,0.000000,3.850359,5.784213,1.933854,NA,NA,NA,NA,NA,NA,NA,NA
56.000000,44.000000,3.000000,20.000000,4.000000,1.000000,3.878137,5.243843,1.365706,NA,NA,NA,NA,NA,NA,NA,NA
57.000000,44.000000,3.000000,21.000000,4.000000,0.000000,3.878137,8.923681,5.045544,NA,NA,NA,NA,NA,NA,NA,NA
58.000000,49.000000,3.000000,58.000000,5.000000,1.000000,4.646620,5.978738,1.332118,NA,NA,NA,NA,NA,NA,NA,NA
59.000000,49.000000,3.000000,59.000000,5.000000,2.000000,4.646620,7.145891,2.499271,NA,NA,NA,NA,NA,NA,NA,NA
60.000000,45.000000,3.000000,22.000000,4.000000,0.000000,3.924421,5.784213,1.859792,NA,NA,NA,NA,NA,NA,NA,NA
61.000000,45.000000,3.000000,23.000000,4.000000,1.000000,3.924421,5.396632,1.472211,NA,NA,NA,NA,NA,NA,NA,NA
62.000000,50.000000,3.000000,60.000000,5.000000,1.000000,4.674398,6.145521,1.471123,NA,NA,NA,NA,NA,NA,NA,NA
63.000000,50.000000,3.000000,61.000000,5.000000,1.000000,4.674398,6.353958,1.679560,NA,NA,NA,NA,NA,NA,NA,NA
64.000000,48.000000,3.000000,56.000000,5.000000,1.000000,4.702176,6.673588,1.971412,NA,NA,NA,NA,NA,NA,NA,NA
65.000000,48.000000,3.000000,57.000000,5.000000,1.000000,4.702176,6.062130,1.359954,NA,NA,NA,NA,NA,NA,NA,NA
66.000000,51.000000,3.000000,62.000000,5.000000,2.000000,4.729965,7.534769,2.804803,NA,NA,NA,NA,NA,NA,NA,NA
67.000000,51.000000,3.000000,63.000000,5.000000,2.000000,4.729965,8.020891,3.290926,NA,NA,NA,NA,NA,NA,NA,NA
68.000000,46.000000,3.000000,24.000000,4.000000,0.000000,5.216065,8.923681,3.707616,NA,NA,NA,NA,NA,NA,NA,NA
69.000000,46.000000,3.000000,25.000000,4.000000,0.000000,5.216065,8.923681,3.707616,NA,NA,NA,NA,NA,NA,NA,NA
70.000000,52.000000,3.000000,32.000000,5.000000,1.000000,5.146620,7.757002,2.610382,NA,NA,NA,NA,NA,NA,NA,NA
71.000000,52.000000,3.000000,33.000000,5.000000,1.000000,5.146620,7.173657,2.027037,NA,NA,NA,NA,NA,NA,NA,NA
72.000000,56.000000,3.000000,40.000000,5.000000,1.000000,5.257731,7.673657,2.415926,NA,NA,NA,NA,NA,NA,NA,NA
73.000000,56.000000,3.000000,41.000000,5.000000,1.000000,5.257731,6.715289,1.457558,NA,NA,NA,NA,NA,NA,NA,NA
74.000000,61.000000,3.000000,46.000000,5.000000,1.000000,5.410509,7.062546,1.652037,NA,NA,NA,NA,NA,NA,NA,NA
75.000000,61.000000,3.000000,47.000000,5.000000,1.000000,5.410509,7.132002,1.721493,NA,NA,NA,NA,NA,NA,NA,NA
76.000000,58.000000,3.000000,116.000000,6.000000,0.000000,5.992639,8.923681,2.931042,NA,NA,NA,NA,NA,NA,NA,NA
77.000000,58.000000,3.000000,117.000000,6.000000,2.000000,5.992639,8.451447,2.458808,NA,NA,NA,NA,NA,NA,NA,NA
78.000000,65.000000,3.000000,114.000000,6.000000,1.000000,6.076030,7.743113,1.667083,NA,NA,NA,NA,NA,NA,NA,NA
79.000000,65.000000,3.000000,115.000000,6.000000,0.000000,6.076030,8.923681,2.847650,NA,NA,NA,NA,NA,NA,NA,NA
80.000000,62.000000,3.000000,120.000000,6.000000,0.000000,6.159410,8.923681,2.764271,NA,NA,NA,NA,NA,NA,NA,NA
81.000000,62.000000,3.000000,121.000000,6.000000,2.000000,6.159410,8.326447,2.167037,NA,NA,NA,NA,NA,NA,NA,NA
82.000000,63.000000,3.000000,122.000000,6.000000,0.000000,6.367870,8.923681,2.555810,NA,NA,NA,NA,NA,NA,NA,NA
83.000000,63.000000,3.000000,123.000000,6.000000,0.000000,6.367870,8.923681,2.555810,NA,NA,NA,NA,NA,NA,NA,NA
84.000000,74.000000,3.000000,92.000000,6.000000,1.000000,7.076435,8.882002,1.805567,NA,NA,NA,NA,NA,NA,NA,NA
85.000000,74.000000,3.000000,93.000000,6.000000,1.000000,7.076435,8.673669,1.597234,NA,NA,NA,NA,NA,NA,NA,NA
86.000000,64.000000,3.000000,112.000000,6.000000,0.000000,6.687488,8.923681,2.236192,NA,NA,NA,NA,NA,NA,NA,NA
87.000000,64.000000,3.000000,113.000000,6.000000,0.000000,6.687488,8.923681,2.236192,NA,NA,NA,NA,NA,NA,NA,NA
88.000000,73.000000,3.000000,82.000000,6.000000,1.000000,6.729190,8.062581,1.333391,NA,NA,NA,NA,NA,NA,NA,NA
89.000000,73.000000,3.000000,83.000000,6.000000,0.000000,6.729190,8.923681,2.194491,NA,NA,NA,NA,NA,NA,NA,NA
90.000000,85.000000,3.000000,186.000000,7.000000,0.000000,8.687558,8.923681,0.236123,NA,NA,NA,NA,NA,NA,NA,NA
91.000000,85.000000,3.000000,187.000000,7.000000,0.000000,8.687558,8.923681,0.236123,NA,NA,NA,NA,NA,NA,NA,NA
92.000000,78.000000,3.000000,228.000000,7.000000,0.000000,7.757002,8.923681,1.166678,NA,NA,NA,NA,NA,NA,NA,NA
93.000000,78.000000,3.000000,229.000000,7.000000,0.000000,7.757002,8.923681,1.166678,NA,NA,NA,NA,NA,NA,NA,NA
94.000000,70.000000,3.000000,64.000000,6.000000,0.000000,7.770891,8.923681,1.152789,NA,NA,NA,NA,NA,NA,NA,NA
95.000000,NaN,4.000000,1.000000,0.000000,1.000000,0.000000,0.874850,0.874850,NA,NA,NA,NA,NA,NA,NA,NA
96.000000,95.000000,4.000000,2.000000,1.000000,1.000000,0.888738,1.722072,0.833333,NA,NA,NA,NA,NA,NA,NA,NA
97.000000,95.000000,4.000000,3.000000,1.000000,1.000000,0.888738,1.972083,1.083345,NA,NA,NA,NA,NA,NA,NA,NA
98.000000,96.000000,4.000000,4.000000,2.000000,1.000000,1.735972,2.694306,0.958333,NA,NA,NA,NA,NA,NA,NA,NA
99.000000,96.000000,4.000000,5.000000,2.000000,1.000000,1.735972,2.791539,1.055567,NA,NA,NA,NA,NA,NA,NA,NA
100.000000,97.000000,4.000000,6.000000,2.000000,1.000000,1.985961,3.208194,1.222234,NA,NA,NA,NA,NA,NA,NA,NA
101.000000,97.000000,4.000000,7.000000,2.000000,1.000000,1.985961,3.360984,1.375023,NA,NA,NA,NA,NA,NA,NA,NA
102.000000,98.000000,4.000000,8.000000,3.000000,1.000000,2.708194,3.666516,0.958322,NA,NA,NA,NA,NA,NA,NA,NA
103.000000,98.000000,4.000000,9.000000,3.000000,1.000000,2.708194,3.638750,0.930556,NA,NA,NA,NA,NA,NA,NA,NA
104.000000,99.000000,4.000000,10.000000,3.000000,1.000000,2.805417,4.077199,1.271782,NA,NA,NA,NA,NA,NA,NA,NA
105.000000,99.000000,4.000000,11.000000,3.000000,1.000000,2.805417,3.938287,1.132870,NA,NA,NA,NA,NA,NA,NA,NA
106.000000,100.000000,4.000000,12.000000,3.000000,1.000000,3.222095,4.729965,1.507870,NA,NA,NA,NA,NA,NA,NA,NA
107.000000,100.000000,4.000000,13.000000,3.000000,1.000000,3.222095,4.466065,1.243970,NA,NA,NA,NA,NA,NA,NA,NA
108.000000,101.000000,4.000000,14.000000,3.000000,1.000000,3.374861,5.035509,1.660648,NA,NA,NA,NA,NA,NA,NA,NA
109.000000,101.000000,4.000000,15.000000,3.000000,1.000000,3.374861,4.979954,1.605093,NA,NA,NA,NA,NA,NA,NA,NA
110.000000,103.000000,4.000000,18.000000,4.000000,1.000000,3.652627,5.382743,1.730116,NA,NA,NA,NA,NA,NA,NA,NA
111.000000,103.000000,4.000000,19.000000,4.000000,1.000000,3.652627,5.327176,1.674549,NA,NA,NA,NA,NA,NA,NA,NA
112.000000,102.000000,4.000000,16.000000,4.000000,1.000000,3.680405,5.063287,1.382882,NA,NA,NA,NA,NA,NA,NA,NA
113.000000,102.000000,4.000000,17.000000,4.000000,1.000000,3.680405,5.660509,1.980104,NA,NA,NA,NA,NA,NA,NA,NA
114.000000,105.000000,4.000000,22.000000,4.000000,1.000000,3.952176,5.452187,1.500012,NA,NA,NA,NA,NA,NA,NA,NA
115.000000,105.000000,4.000000,23.000000,4.000000,1.000000,3.952176,5.299398,1.347222,NA,NA,NA,NA,NA,NA,NA,NA
116.000000,104.000000,4.000000,20.000000,4.000000,1.000000,4.091065,6.117720,2.026655,NA,NA,NA,NA,NA,NA,NA,NA
117.000000,104.000000,4.000000,21.000000,4.000000,1.000000,4.091065,5.743843,1.652778,NA,NA,NA,NA,NA,NA,NA,NA
118.000000,107.000000,4.000000,26.000000,4.000000,1.000000,4.479942,6.492940,2.012998,NA,NA,NA,NA,NA,NA,NA,NA
119.000000,107.000000,4.000000,27.000000,4.000000,1.000000,4.479942,6.798692,2.318750,NA,NA,NA,NA,NA,NA,NA,NA
120.000000,106.000000,4.000000,24.000000,4.000000,0.000000,4.743843,8.923681,4.179838,NA,NA,NA,NA,NA,NA,NA,NA
121.000000,106.000000,4.000000,25.000000,4.000000,1.000000,4.743843,6.937546,2.193704,NA,NA,NA,NA,NA,NA,NA,NA
122.000000,109.000000,4.000000,30.000000,4.000000,0.000000,4.993843,8.923681,3.929838,NA,NA,NA,NA,NA,NA,NA,NA
123.000000,109.000000,4.000000,31.000000,4.000000,0.000000,4.993843,8.923681,3.929838,NA,NA,NA,NA,NA,NA,NA,NA
124.000000,114.000000,4.000000,44.000000,5.000000,2.000000,5.466065,8.326447,2.860382,NA,NA,NA,NA,NA,NA,NA,NA
125.000000,114.000000,4.000000,45.000000,5.000000,0.000000,5.466065,8.923681,3.457616,NA,NA,NA,NA,NA,NA,NA,NA
126.000000,115.000000,4.000000,46.000000,5.000000,0.000000,5.313287,8.923681,3.610394,NA,NA,NA,NA,NA,NA,NA,NA
127.000000,115.000000,4.000000,47.000000,5.000000,1.000000,5.313287,7.368102,2.054815,NA,NA,NA,NA,NA,NA,NA,NA
128.000000,116.000000,4.000000,40.000000,5.000000,0.000000,6.131609,8.923681,2.792072,NA,NA,NA,NA,NA,NA,NA,NA
129.000000,116.000000,4.000000,41.000000,5.000000,0.000000,6.131609,8.923681,2.792072,NA,NA,NA,NA,NA,NA,NA,NA
130.000000,118.000000,4.000000,52.000000,5.000000,0.000000,6.506840,8.923681,2.416840,NA,NA,NA,NA,NA,NA,NA,NA
131.000000,118.000000,4.000000,53.000000,5.000000,0.000000,6.506840,8.923681,2.416840,NA,NA,NA,NA,NA,NA,NA,NA
132.000000,119.000000,4.000000,54.000000,5.000000,0.000000,6.812546,8.923681,2.111134,NA,NA,NA,NA,NA,NA,NA,NA
133.000000,119.000000,4.000000,55.000000,5.000000,0.000000,6.812546,8.923681,2.111134,NA,NA,NA,NA,NA,NA,NA,NA
134.000000,121.000000,4.000000,50.000000,5.000000,0.000000,6.951470,8.923681,1.972211,NA,NA,NA,NA,NA,NA,NA,NA
135.000000,121.000000,4.000000,51.000000,5.000000,0.000000,6.951470,8.923681,1.972211,NA,NA,NA,NA,NA,NA,NA,NA
136.000000,113.000000,4.000000,34.000000,5.000000,0.000000,5.674398,8.923681,3.249282,NA,NA,NA,NA,NA,NA,NA,NA
137.000000,113.000000,4.000000,35.000000,5.000000,0.000000,5.674398,5.784213,0.109815,NA,NA,NA,NA,NA,NA,NA,NA
138.000000,117.000000,4.000000,42.000000,5.000000,1.000000,5.784213,8.118113,2.333900,NA,NA,NA,NA,NA,NA,NA,NA
139.000000,117.000000,4.000000,43.000000,5.000000,0.000000,5.784213,8.895891,3.111678,NA,NA,NA,NA,NA,NA,NA,NA
